2 39 61 110 128 200
1 3 150 160 163
2 4 6 125 146
3 5 91 111
4 6 61 194
3 5 7 22 101
6 8 18 134 200
7 9 31 69
8 10 51 62
9 11 46 90 92
10 12 80 171 194
11 13 44 71 136
12 14 17 97
13 15 76 126 134 148
14 16 93 145 188
15 17 25 150
13 16 18 77 182
7 17 19 113 170
18 20 124 131 169
19 21 99 160
20 22 98 172
6 21 23 69
22 24 128 145
23 25 40 127 133 197
16 24 26 30 79
25 27 55 113
26 28 31 98 154
27 29 58 105 137 184
28 30 41 77 155 185
25 29 31 71
8 27 30 32 104
31 33 61 166
32 34 82 97 138
33 35 77 122 159 172
34 36 41 58 168
35 37 142 166 199
36 38 62 63 196
37 39 84 85 157
1 38 40 167 177
24 39 41 125
29 35 40 42 52
41 43 118 183
42 44 56 81
12 43 45 135
44 46 78 176 188
10 45 47 189
46 48 114 143 165
47 49 86 87
48 50 59 107
49 51 54 187
9 50 52 191
41 51 53 100
52 54 140 187
50 53 55 83
26 54 56 122
43 55 57 120 151
56 58 170 179 189
28 35 57 59
49 58 60 100 132
59 61 175 176
1 5 32 60 62 111
9 37 61 63
37 62 64 65
63 65 88 198
63 64 66 92 161
65 67 117 181
66 68 102 149 182 192
67 69 120 190
8 22 68 70 105 177
69 71 89 121 145
12 30 70 72 110
71 73 95 102
72 74 118 197
73 75 139 175
74 76 153 169 171
14 75 77 177
17 29 34 76 78 138
45 77 79 81 108 129
25 78 80 174
11 79 81 108
43 78 80 82 112
33 81 83 168
54 82 84 135
38 83 85 140 156
38 84 86 130 137
48 85 87 117 174
48 86 88 180
64 87 89 185
70 88 90 104
10 89 91 114 144
4 90 92 164
10 65 91 93
15 92 94 149
93 95 158 167
72 94 96 116 172
95 97 106 158
13 33 96 98 147
21 27 97 99 183
20 98 100 186
52 59 99 101 120 152 186
6 100 102 104
67 72 101 103 179 189
102 104 113 140 153
31 89 101 103 105 160
28 69 104 106
96 105 107 193
49 106 108 114 154
78 80 107 109 140
108 110 178 200
1 71 109 111
4 61 110 112 131 161 190
81 111 113 115 147 180
18 26 103 112 114 118
47 90 107 113 115
112 114 116 139 162
95 115 117 142
66 86 116 118
42 73 113 117 119
118 120 132 175
56 68 100 119 121
70 120 122 162
34 55 121 123
122 124 155 193
19 123 125 144
3 40 124 126
14 125 127 150
24 126 128 150
1 23 127 129 168
78 128 130 149
85 129 131 178
19 111 130 132 164
59 119 131 133
24 132 134 196
7 14 133 135
44 83 134 136
12 135 137 180
28 85 136 138 173
33 77 137 139
74 115 138 140
53 84 103 108 139 141
140 142 156 198
36 116 141 143 148
47 142 144 157
90 124 143 145 181
15 23 70 144 146
3 145 147 152
97 112 146 148
14 142 147 149
67 93 129 148 150
2 16 126 127 149 151
56 150 152 181
100 146 151 153
75 103 152 154
27 107 153 155
29 123 154 156
84 141 155 157
38 143 156 158
94 96 157 159 192 195
34 158 160 190
2 20 104 159 161
65 111 160 162
115 121 161 163 200
2 162 164 195
91 131 163 165
47 164 166 194
32 36 165 167
39 94 166 168 183
35 82 128 167 169
19 75 168 170
18 57 169 171
11 75 170 172 193
21 34 95 171 173
137 172 174 184
79 86 173 175
60 74 119 174 176
45 60 175 177
39 69 76 176 178
109 130 177 179
57 102 178 180 190
87 112 136 179 181
66 144 151 180 182
17 67 181 183
42 98 167 182 184
28 173 183 185
29 88 184 186
99 100 185 187
50 53 186 188
15 45 187 189
46 57 102 188 190 199
68 111 159 179 189 191
51 190 192 197
67 158 191 193
106 123 171 192 194
5 11 165 193 195
158 163 194 196
37 133 195 197
24 73 191 196 198
64 141 197 199
36 189 198 200
1 7 109 162 199