25 121 177 38 197 49 67
133 121
100 188 159 55 26 77 114 176 74 197
150 102
157 183 167 43
62 129 14 9 159 64 63 187
150 37 199 189 71
138 163 143
117 126 166 129 144 7 54 183 160 31
8 159 37
171 70 10 28 114 7
15 180 3
163 89 54
56 54 45 142 32 12 116 100 129
82 91
132 8 189 153 79 116 178 142
96 79 177
173 128 76 6
178 30 172 65 149 170
167 173 35 121 95 30 135 61
7 57 138 66 157 34 153 18 91
103 19 78 190 193 73 105 200 65
61 105 113 16 99 134 126
138 90 120 190 19 69 105
66 45 199 177 183 4 113 124 40
177 18 44 52 92 23
82 77 73 123 4
73 169 138 39 143 23 177 48 87 83
181 56 66 75 57 10 48 190
123 151 25
87 200 11 173
43 40
105 151 131 88 168 122 169 22
158 45 122 110
78 176 119 161 159 184
175 13 47
41 174 200
15 71 158 114 57 98
172 15 79 178 34 22 11 183 119
180 32 13 127
182 96 23 62 97
196 80 70 42 132 154 74
57 53 118
50 38 61 124 54 56 92
22 56 89 8 123
159 181 119 186 128
176 12 48 167 147 161
185 120 23 35 155 15
8 125 150
36 76
190 110 36 135 142 124 144
21 172 110 171 177 160 60 1 39 179
113 31 50
97 120 67 92
93 108 164 168 129 122 80
142 145
179 109 172 108 157 50 196 36 60 153
200 192 141 37 89 176 23 163 130 190
6 129 163 199 156 172
53 4 141 22 83 38 33 105 200 182
141 107 88 22 78 133 96 14 171 91
25 143 55 57 73 69 11 115 47 103
178 66 198 149
165 132 158 7 12
32 104 83 14 17 120 137 24
190 35 96 179 158 5 114
168 134
41 16 147 151
200 61 172 95 26 97 125
63 4 115
197 173 148 100 189 169
8 21 89 86 34 43 11 51
58 144 112
63 106
199 116 185 21 78 27 102 196 151 174
182 173 138 1 12 129 191
32 61 80 162 53 113 112 183 67
159 123 46 132 36 148 73 95 133 152
186 91 144 184 121 98
111 126 70 110
26 12 43 132 29 192 185 24 76
139 125 118 87 96 172 181
22 18 46 171 71 37 141 176 92 196
16 130 163 15 113
13 88 32 181 172 52 191
8 29
61 159 48 200 39 116
166 49 78
153 91 35 128
28 45 144 143
193 190 166
32 177 174 79 17 191 76 26 189 52
37 110 76 162 101 70 151 10 137 123
134 89 195 110 104 18 96 16
114 11
98 22 186 141 183 161
19 168 125 51 57 108 103 117 150 33
14 35 200 156 89
79 31 90 65 147 177 140 134 14
130 98 12 119 109 85
179 32 141 61 126 30
62 182 199 97 126 21 67
158 171 184 34 135 131 4 113 160
11 166 5 38
112 16 90 20 144 108 173 123 180
37 34 39 15 96
158 163 139 13 135
170 76
74 62 144 133 56 95 68 165 154 4
64 63 48 170 96
97 43 12 139 152 54 120 199
147 12 148 20 102 24 18
30 152 150
6 93 88
118 188 181 93 26
183 116 141 124 37 163 78 52 7 166
134 112
185 140 112 198 101 128 55 175
137 170 3 16 80 128 173 14
3 21 127 187 109 181 9 143
5 11 146
196 9 35 39 141 44
169 199 186 80 195
140 149 161 106 53 48
36 44 151 8 124
70 146 138 98
13 41 131 86 148
146 27 192 4 52 29 26
110 40 198 177 90 71 83 2
185 36 93 98 29
60 36 99 103 13
58 189 10 191 134 113 144 174
127 145 131 94 46 54 8 193 14
185 130 48 2 161 50
126 174 28 151 196 64
179 2 95 59 87 126 32
54 159 88 37
90 196 38 18 174 126 197 22 5 184
171 199 132 149 124 3 125 9 191
190 162 124
111 38 96 52 124 165
88 127 186
149 126 8 91 153 12 123 150 122 197
186 123 53 58 51 124 50 91 171
85 186 162 107 18 93 28 197 111
48 181 86 191
130 119 101 32 70 44 181 89 26 62
79 153 171 181 187 114 184
96 83 46 21 42
59 111 83 107 165 143 186 45 86 117
122 136 109 105 170 161
117 55 155 17 1 7
166 167 124 196 48 186 132 192 9
196 93 127 99 57 39 158 15 81
14 167 80 119 138 24 168 100 53 199
110 42
193 52 12 83 144 17 106 80
156 130 197 137 129 3 192 73
181 44 131 50 112 58 22
25 20 145 190 166 176
67 161 141 164 135 186 180 190 87 37
91 83 196 159 155 166 55 191 160 153
176 19 153 168
130 62 118 43 91 3 113 14 101
84 5 49 76 119 149
85 79 181 159 51 129 11 99 49 6
105 135 177 122
70 7 182 121 145 23
4 193 116 124 27 140 31 157 34 170
98 28 66 160 46 63 5
122 138 19 189 144
199 39
102 79 170 139 28
48 133
196 165 67 161 80
183 32
49 9 141 78 149
115 8 10 187 155 20 166 47 93 69
112 179 136 146 50 113
15 56 60 144 194
111 23 135
43 159 105 196 36
87 42 151 9 89 192
43 132 145 184 114 102 188 40
76 126 108 145
161 15 30 198
88 64 171 166 76 122
198 17 118 195 7 93 98
160 55 30 32
95 184 15 5
67 73
189 60 69
134 177 23
23 108 187 30 67 176 15 177 167 195
121 111 102
111 120 1 78 134 17
167 178 144 77 57 103 140 22 81 69
129 60 171 173 197 20 147 34 193 85
31 65 124
80 75 31
